      0/39     12.1G   0.04871   0.01254         0   0.06125         1       640    0.2598    0.5891    0.2361   0.06804   0.05822  0.008524         0
      1/39     12.2G   0.04741  0.008323         0   0.05574         0       640  0.005067    0.4745  0.003281 0.0005182   0.08754   0.01832         0
      2/39     12.2G   0.04626  0.007287         0   0.05355         4       640    0.4146    0.5796     0.494    0.1382    0.0785  0.005296         0
      3/39     12.2G   0.03997  0.006745         0   0.04671         4       640 2.564e-05  0.006369 1.589e-06 3.055e-07    0.1018     1.656         0
      4/39     12.2G   0.04209  0.006519         0    0.0486         2       640         0         0         0         0    0.1061    0.8241         0
      5/39     12.2G   0.03614  0.006739         0   0.04288         1       640    0.3266    0.5032    0.2716   0.07012     0.071  0.006999         0
      6/39     12.2G   0.03331  0.006574         0   0.03988         2       640    0.7659    0.8022    0.8278    0.3318   0.06274  0.006728         0
      7/39     12.2G   0.03344  0.006384         0   0.03983         1       640    0.9106    0.8121    0.9205    0.5207   0.04907  0.005878         0
      8/39     12.2G   0.03527  0.006301         0   0.04158         1       640    0.8344    0.8694    0.9283    0.5022   0.05139  0.005907         0
      9/39     12.2G    0.0343  0.006254         0   0.04055         1       640     0.887    0.9013    0.9367    0.5487   0.05104  0.005659         0
     10/39     12.2G   0.03427  0.006113         0   0.04039         2       640    0.8823    0.9108    0.9522    0.5883   0.05396  0.005273         0
     11/39     12.2G   0.03693  0.006125         0   0.04305         2       640      0.93    0.8885    0.9519    0.5984   0.04797   0.00548         0
     12/39     12.2G   0.03121  0.006085         0   0.03729         3       640    0.9119    0.8376    0.9424     0.548   0.05603  0.004784         0
     13/39     12.2G   0.03399  0.006249         0   0.04024         1       640    0.9188    0.8662    0.9488    0.5754   0.06246  0.003635         0
     14/39     12.2G   0.03597  0.005872         0   0.04185         2       640    0.9214    0.8981     0.959    0.6294   0.06056  0.003449         0
     15/39     12.2G   0.03341  0.005812         0   0.03922         5       640    0.9355    0.9234    0.9723     0.613   0.06653  0.003297         0
     16/39     12.2G   0.03456  0.005658         0   0.04021         2       640    0.9346    0.9554    0.9831    0.6526    0.0603  0.003383         0
     17/39     12.2G   0.03387  0.005666         0   0.03954         0       640    0.9242    0.9745    0.9826    0.5955   0.06301  0.003829         0
     18/39     12.2G   0.03162  0.005672         0    0.0373         1       640    0.9434    0.9554    0.9846    0.6721   0.05954  0.003244         0
     19/39     12.2G   0.03801  0.006223         0   0.04423         5       640    0.7238    0.6178    0.7062    0.3629   0.06234  0.005056         0
     20/39     12.2G   0.03236  0.006383         0   0.03874         2       640    0.8718    0.9099     0.949    0.5872   0.06175  0.003813         0
     21/39     12.2G   0.03544  0.005891         0   0.04133         1       640    0.9274    0.8947     0.968    0.6402    0.0607  0.003562         0
     22/39     12.2G   0.03262  0.005838         0   0.03846         1       640    0.9113    0.9486    0.9667    0.6007   0.06187  0.003595         0
     23/39     12.2G   0.03483  0.005936         0   0.04076         2       640    0.7693    0.7389    0.7831    0.4572   0.07392  0.004702         0
     24/39     12.2G   0.03372  0.005908         0   0.03963         1       640   0.07017    0.5446   0.06131   0.03323   0.06425  0.008299         0
     25/39     12.2G   0.03246  0.005831         0   0.03829         2       640    0.9516     0.879    0.9555    0.6104   0.06142  0.003644         0
     26/39     12.2G   0.03328  0.005845         0   0.03913         5       640    0.9121    0.8917    0.9628    0.6482   0.05988   0.00368         0
     27/39     12.2G   0.03123  0.005742         0   0.03697         5       640    0.9733    0.9395    0.9867    0.6501   0.06062  0.003224         0
     28/39     12.2G   0.03428  0.005743         0   0.04003         1       640    0.9223     0.965     0.981    0.6589   0.05532   0.00394         0
     29/39     12.2G   0.03517  0.005751         0   0.04092         1       640    0.9443    0.9713    0.9875    0.7024   0.04608  0.004944         0
     30/39     12.2G   0.03471    0.0057         0   0.04042         1       640    0.9597    0.9904    0.9913    0.7118   0.04386  0.005049         0
     31/39     12.2G   0.03183  0.005562         0   0.03739         2       640    0.9838    0.9649    0.9913    0.7267   0.04362  0.005043         0
     32/39     12.2G    0.0317   0.00567         0   0.03737         2       640    0.9681     0.968    0.9894    0.7339   0.04273  0.005115         0
     33/39     12.2G   0.03063  0.005622         0   0.03625         2       640    0.9678    0.9585    0.9867     0.722   0.04349  0.005119         0
     34/39     12.2G    0.0308  0.005478         0   0.03628         3       640    0.9682    0.9712     0.991    0.7318   0.04463  0.004726         0
     35/39     12.2G   0.03027  0.005743         0   0.03601         3       640    0.9841    0.9873    0.9949    0.7533   0.04324  0.004902         0
     36/39     12.2G    0.0315  0.005565         0   0.03707         5       640    0.9838    0.9713    0.9943    0.7526   0.04215  0.004854         0
     37/39     12.2G   0.03046  0.005662         0   0.03613         2       640    0.9807    0.9745    0.9918    0.7454   0.03984  0.005119         0
     38/39     12.2G   0.03019  0.005708         0    0.0359         5       640    0.9839    0.9745    0.9941    0.7432   0.03805  0.005334         0
     39/39     12.2G   0.02979  0.005504         0    0.0353         2       640    0.9807    0.9745     0.994    0.7677   0.03976  0.005279         0
